1.txt
0100000001000000
0110000000110010
1110000000110010
1010000000110011
0010000000110011
0010000100110011
0110000100110011
1110000100110010
1010000000110110
0000000010010110
0001000000110110
0001001000110110
0101001000100100
0100000101100000
0110000001110010
1110000000110000
1010000000111010
0000000010011010
0001000010011010
0000000010011011
0100000010001000
0100100000101000
0100110000100000
0100010001000000
0101000001000000
0100000001000000
2.txt
0100000001000000
0110000000110010
1110000000110010
1010000000110011
0010000000110011
0010000100110011
0110000100110011
1110000100110011
1110000000010010
1010000000110110
0010000010110110
0000000010010110
0001000000110110
0001001000110110
0101001000100100
0100000101100000
0110000001110010
1110000000110000
1010000000111010
0000000010011010
0001000010011010
0000000010011011
0100000010001000
0100100000101000
0100110000100000
0100010001000000
0101000001000000
0100000001000000
3.txt
0100000001000000
0110000000110010
1110000000110010
1010000000110011
0010000000110011
0010000100110011
0110000100110011
1110000100110010
1010000000110110
0000000010010110
0001000000110110
0001001000110110
0101001000100100
0100000101100000
0110000001110010
1110000000110000
1010000000111010
0000000010011010
0001000010011010
0000000010011011
0100000010001000
0100100000101000
0100110000100000
0100010001000000
0101000001000000
0100000001000000
4.txt
0100000001000000
0110000000110010
1110000000110010
1010000000110011
0010000000110011
0010000100110011
0110000100110011
1110000100110010
1010000000110110
0000000010010110
0001000000110110
0001001000110110
0101001000100100
0101000001100000
0100000001000000
0110000000110000
1110000000010010
1010000000111010
0000000010011010
0001000010011010
0000000010011011
0100000010001000
0100100000101000
0100110000100000
0100010001000000
0101000001000000
0100000001000000
5.txt
0100000001000000
0110000000110010
1110000000110010
1010000000110011
0010000000110011
0010000100110011
0110000100110011
1110000100110010
1010000000110110
0000000010010110
0001000000110110
0001001000110110
0101001000100100
0100000101100000
0110000001110010
1110000000110000
1010000000111010
0000000010011010
0001000010011010
0000000010011011
0100000010001000
0100100000101000
0100110000100000
0100100001100000
0100010001000000
0101000001000000
0100000001000000
6.txt
0100000001000000
0110000000010010
0110000000110010
1110000000110010
1010000000110011
0010000000110011
0010000100110011
0110000100110011
1110000100110010
1010000000110110
0000000010010110
0001000000110110
0001001000110110
0101001000100100
0100000101100000
0110000001110010
1110000000110000
1010000000111010
0000000010011010
0001000010011010
0000000010011011
0100000010001000
0100100000101000
0100110000100000
0100010001000000
0101000001000000
0100000001000000
7.txt
0100000001000000
0110000000110010
1110000000110010
1010000000110011
0010000000110011
0010000100110011
0110000100110011
1110000100110010
1010000000110110
0000000010010110
0001000000110110
0001001000110110
0101001000100100
0100000101100000
0110000001110010
1110000000110000
1010000000111010
0000000010011010
0001000010011010
0000000010011011
0100000010001000
0100100000101000
0100110000100000
0100010001000000
0101000001000000
0100000001000000
8.txt
0100000001000000
0110000000110010
1110000000110010
1010000000110011
0010000000110011
0010000100110011
0110000100110011
1110000100110010
1010000000110110
0000000010010110
0001000000010110
0001000000110110
0001001000110110
0101001000100100
0100000101100000
0110000001110010
1110000000110000
1010000000111010
0000000010011010
0001000010011010
0000000010011011
0100000010001000
0100100000101000
0100110000100000
0100010001000000
0101000001000000
0100000001000000
9.txt
0100000001000000
0110000000110010
1110000000110010
1010000000110011
0010000000110011
0010000100110011
0110000100110011
1110000100110010
1010000000110110
0000000010010110
0001000000110110
0001001000110110
0101001000100100
0100000101100000
0110000001110010
1110000000110000
1010000000111010
0010000010111010
0000000010011010
0001000010011010
0000000010011011
0100000010001000
0100100000001000
0100100000101000
0100110000100000
0100010001000000
0101000001000000
0100000001000000
10.txt
0100000001000000
0110000000110010
1110000000110010
1010000000110011
0010000000110011
0010000100110011
0110000100110011
1110000100110010
1010000000110110
0000000010010110
0001000000110110
0001001000110110
0101001000100100
0100000001010000
0110000000010010
0110000000110000
1110000000010010
1010000000111010
0000000010011010
0001000010011010
0000000010011011
0100000010001000
0100100000101000
0100110000100000
0100010001000000
0101000001000000
0100000001000000
11.txt
0100000001000000
0110000000110010
1110000000110010
1010000000110011
0010000000110011
0010000100110011
0110000100110011
1110000100110010
1010000000110110
0000000010010110
0001000000110110
0001001000110110
0101001000100100
0100000101100000
0110000001110010
1110000000110000
1010000000111010
0000000010011010
0001000010011010
0000000010011011
0100000010001000
0100100000101000
0100110000100000
0100010001000000
0101000001000000
0100000001000000
12.txt
0100000001000000
0110000000110010
1110000000110010
1010000000110011
0010000000110011
0010000100110011
0110000100110011
1110000100110011
1110000000010010
1010000000110110
0010000010110110
0000000010010110
0001000000110110
0001001000110110
0101001000100100
0100000101100000
0110000001110010
1110000000110000
1010000000111010
0000000010011010
0001000010011010
0000000010011011
0100000010001000
0100100000101000
0100110000100000
0100010001000000
0101000001000000
0100000001000000
13.txt
0100000001000000
0110000000110010
1110000000110010
1010000000110011
0010000000110011
0010000100110011
0110000100110011
1110000100110010
1010000000110110
0000000010010110
0001000000110110
0001001000110110
0101001000100100
0100000101100000
0110000001110010
1110000000110000
1010000000111010
0000000010011010
0001000010011010
0000000010011011
0100000010001000
0100100000101000
0100110000100000
0100010001000000
0101000001000000
0100000001000000
14.txt
0100000001000000
0110000000110010
1110000000110010
1010000000110011
0010000000110011
0010000100110011
0110000100110011
1110000100110010
1010000000110110
0000000010010110
0001000000110110
0001001000110110
0101001000100100
0101000001100000
0100000001000000
0110000000110000
1110000000010010
1010000000111010
0000000010011010
0001000010011010
0000000010011011
0100000010001000
0100100000101000
0100110000100000
0100010001000000
0101000001000000
0100000001000000
15.txt
0100000001000000
0110000000110010
1110000000110010
1010000000110011
0010000000110011
0010000100110011
0110000100110011
1110000100110010
1010000000110110
0000000010010110
0001000000110110
0001001000110110
0101001000100100
0100000101100000
0110000001110010
1110000000110000
1010000000111010
0000000010011010
0001000010011010
0000000010011011
0100000010001000
0100100000101000
0100110000100000
0100100001100000
0100010001000000
0101000001000000
0100000001000000
16.txt
0100000001000000
0110000000010010
0110000000110010
1110000000110010
1010000000110011
0010000000110011
0010000100110011
0110000100110011
1110000100110010
1010000000110110
0000000010010110
0001000000110110
0001001000110110
0101001000100100
0100000101100000
0110000001110010
1110000000110000
1010000000111010
0000000010011010
0001000010011010
0000000010011011
0100000010001000
0100100000101000
0100110000100000
0100010001000000
0101000001000000
0100000001000000
17.txt
0100000001000000
0110000000110010
1110000000110010
1010000000110011
0010000000110011
0010000100110011
0110000100110011
1110000100110010
1010000000110110
0000000010010110
0001000000110110
0001001000110110
0101001000100100
0100000101100000
0110000001110010
1110000000110000
1010000000111010
0000000010011010
0001000010011010
0000000010011011
0100000010001000
0100100000101000
0100110000100000
0100010001000000
0101000001000000
0100000001000000
18.txt
0100000001000000
0110000000110010
1110000000110010
1010000000110011
0010000000110011
0010000100110011
0110000100110011
1110000100110010
1010000000110110
0000000010010110
0001000000010110
0001000000110110
0001001000110110
0101001000100100
0100000101100000
0110000001110010
1110000000110000
1010000000111010
0000000010011010
0001000010011010
0000000010011011
0100000010001000
0100100000101000
0100110000100000
0100010001000000
0101000001000000
0100000001000000
19.txt
0100000001000000
0110000000110010
1110000000110010
1010000000110011
0010000000110011
0010000100110011
0110000100110011
1110000100110010
1010000000110110
0000000010010110
0001000000110110
0001001000110110
0101001000100100
0100000101100000
0110000001110010
1110000000110000
1010000000111010
0010000010111010
0000000010011010
0001000010011010
0000000010011011
0100000010001000
0100100000001000
0100100000101000
0100110000100000
0100010001000000
0101000001000000
0100000001000000
20.txt
0100000001000000
0110000000110010
1110000000110010
1010000000110011
0010000000110011
0010000100110011
0110000100110011
1110000100110010
1010000000110110
0000000010010110
0001000000110110
0001001000110110
0101001000100100
0100000001010000
0110000000010010
0110000000110000
1110000000010010
1010000000111010
0000000010011010
0001000010011010
0000000010011011
0100000010001000
0100100000101000
0100110000100000
0100010001000000
0101000001000000
0100000001000000
21.txt
0100000001000000
0110000000110010
1110000000110010
1010000000110011
0010000000110011
0010000100110011
0110000100110011
1110000100110010
1010000000110110
0000000010010110
0001000000110110
0001001000110110
0101001000100100
0100000101100000
0110000001110010
1110000000110000
1010000000111010
0000000010011010
0001000010011010
0000000010011011
0100000010001000
0100100000101000
0100110000100000
0100010001000000
0101000001000000
0100000001000000
22.txt
0100000001000000
0110000000110010
1110000000110010
1010000000110011
0010000000110011
0010000100110011
0110000100110011
1110000100110011
1110000000010010
1010000000110110
0010000010110110
0000000010010110
0001000000110110
0001001000110110
0101001000100100
0100000101100000
0110000001110010
1110000000110000
1010000000111010
0000000010011010
0001000010011010
0000000010011011
0100000010001000
0100100000101000
0100110000100000
0100010001000000
0101000001000000
0100000001000000
23.txt
0100000001000000
0110000000110010
1110000000110010
1010000000110011
0010000000110011
0010000100110011
0110000100110011
1110000100110010
1010000000110110
0000000010010110
0001000000110110
0001001000110110
0101001000100100
0100000101100000
0110000001110010
1110000000110000
1010000000111010
0000000010011010
0001000010011010
0000000010011011
0100000010001000
0100100000101000
0100110000100000
0100010001000000
0101000001000000
0100000001000000
24.txt
0100000001000000
0110000000110010
1110000000110010
1010000000110011
0010000000110011
0010000100110011
0110000100110011
1110000100110010
1010000000110110
0000000010010110
0001000000110110
0001001000110110
0101001000100100
0101000001100000
0100000001000000
0110000000110000
1110000000010010
1010000000111010
0000000010011010
0001000010011010
0000000010011011
0100000010001000
0100100000101000
0100110000100000
0100010001000000
0101000001000000
0100000001000000
25.txt
0100000001000000
0110000000110010
1110000000110010
1010000000110011
0010000000110011
0010000100110011
0110000100110011
1110000100110010
1010000000110110
0000000010010110
0001000000110110
0001001000110110
0101001000100100
0100000101100000
0110000001110010
1110000000110000
1010000000111010
0000000010011010
0001000010011010
0000000010011011
0100000010001000
0100100000101000
0100110000100000
0100100001100000
0100010001000000
0101000001000000
0100000001000000
26.txt
0100000001000000
0110000000010010
0110000000110010
1110000000110010
1010000000110011
0010000000110011
0010000100110011
0110000100110011
1110000100110010
1010000000110110
0000000010010110
0001000000110110
0001001000110110
0101001000100100
0100000101100000
0110000001110010
1110000000110000
1010000000111010
0000000010011010
0001000010011010
0000000010011011
0100000010001000
0100100000101000
0100110000100000
0100010001000000
0101000001000000
0100000001000000
27.txt
0100000001000000
0110000000110010
1110000000110010
1010000000110011
0010000000110011
0010000100110011
0110000100110011
1110000100110010
1010000000110110
0000000010010110
0001000000110110
0001001000110110
0101001000100100
0100000101100000
0110000001110010
1110000000110000
1010000000111010
0000000010011010
0001000010011010
0000000010011011
0100000010001000
0100100000101000
0100110000100000
0100010001000000
0101000001000000
0100000001000000
28.txt
0100000001000000
0110000000110010
1110000000110010
1010000000110011
0010000000110011
0010000100110011
0110000100110011
1110000100110010
1010000000110110
0000000010010110
0001000000010110
0001000000110110
0001001000110110
0101001000100100
0100000101100000
0110000001110010
1110000000110000
1010000000111010
0000000010011010
0001000010011010
0000000010011011
0100000010001000
0100100000101000
0100110000100000
0100010001000000
0101000001000000
0100000001000000
29.txt
0100000001000000
0110000000110010
1110000000110010
1010000000110011
0010000000110011
0010000100110011
0110000100110011
1110000100110010
1010000000110110
0000000010010110
0001000000110110
0001001000110110
0101001000100100
0100000101100000
0110000001110010
1110000000110000
1010000000111010
0010000010111010
0000000010011010
0001000010011010
0000000010011011
0100000010001000
0100100000001000
0100100000101000
0100110000100000
0100010001000000
0101000001000000
0100000001000000
30.txt
0100000001000000
0110000000110010
1110000000110010
1010000000110011
0010000000110011
0010000100110011
0110000100110011
1110000100110010
1010000000110110
0000000010010110
0001000000110110
0001001000110110
0101001000100100
0100000001010000
0110000000010010
0110000000110000
1110000000010010
1010000000111010
0000000010011010
0001000010011010
0000000010011011
0100000010001000
0100100000101000
0100110000100000
0100010001000000
0101000001000000
0100000001000000
31.txt
0100000001000000
0110000000110010
1110000000110010
1010000000110011
0010000000110011
0010000100110011
0110000100110011
1110000100110010
1010000000110110
0000000010010110
0001000000110110
0001001000110110
0101001000100100
0100000101100000
0110000001110010
1110000000110000
1010000000111010
0000000010011010
0001000010011010
0000000010011011
0100000010001000
0100100000101000
0100110000100000
0100010001000000
0101000001000000
0100000001000000
32.txt
0100000001000000
0110000000110010
1110000000110010
1010000000110011
0010000000110011
0010000100110011
0110000100110011
1110000100110011
1110000000010010
1010000000110110
0010000010110110
0000000010010110
0001000000110110
0001001000110110
0101001000100100
0100000101100000
0110000001110010
1110000000110000
1010000000111010
0000000010011010
0001000010011010
0000000010011011
0100000010001000
0100100000101000
0100110000100000
0100010001000000
0101000001000000
0100000001000000
33.txt
0100000001000000
0110000000110010
1110000000110010
1010000000110011
0010000000110011
0010000100110011
0110000100110011
1110000100110010
1010000000110110
0000000010010110
0001000000110110
0001001000110110
0101001000100100
0100000101100000
0110000001110010
1110000000110000
1010000000111010
0000000010011010
0001000010011010
0000000010011011
0100000010001000
0100100000101000
0100110000100000
0100010001000000
0101000001000000
0100000001000000
34.txt
0100000001000000
0110000000110010
1110000000110010
1010000000110011
0010000000110011
0010000100110011
0110000100110011
1110000100110010
1010000000110110
0000000010010110
0001000000110110
0001001000110110
0101001000100100
0101000001100000
0100000001000000
0110000000110000
1110000000010010
1010000000111010
0000000010011010
0001000010011010
0000000010011011
0100000010001000
0100100000101000
0100110000100000
0100010001000000
0101000001000000
0100000001000000
35.txt
0100000001000000
0110000000110010
1110000000110010
1010000000110011
0010000000110011
0010000100110011
0110000100110011
1110000100110010
1010000000110110
0000000010010110
0001000000110110
0001001000110110
0101001000100100
0100000101100000
0110000001110010
1110000000110000
1010000000111010
0000000010011010
0001000010011010
0000000010011011
0100000010001000
0100100000101000
0100110000100000
0100100001100000
0100010001000000
0101000001000000
0100000001000000
36.txt
0100000001000000
0110000000010010
0110000000110010
1110000000110010
1010000000110011
0010000000110011
0010000100110011
0110000100110011
1110000100110010
1010000000110110
0000000010010110
0001000000110110
0001001000110110
0101001000100100
0100000101100000
0110000001110010
1110000000110000
1010000000111010
0000000010011010
0001000010011010
0000000010011011
0100000010001000
0100100000101000
0100110000100000
0100010001000000
0101000001000000
0100000001000000
37.txt
0100000001000000
0110000000110010
1110000000110010
1010000000110011
0010000000110011
0010000100110011
0110000100110011
1110000100110010
1010000000110110
0000000010010110
0001000000110110
0001001000110110
0101001000100100
0100000101100000
0110000001110010
1110000000110000
1010000000111010
0000000010011010
0001000010011010
0000000010011011
0100000010001000
0100100000101000
0100110000100000
0100010001000000
0101000001000000
0100000001000000
38.txt
0100000001000000
0110000000110010
1110000000110010
1010000000110011
0010000000110011
0010000100110011
0110000100110011
1110000100110010
1010000000110110
0000000010010110
0001000000010110
0001000000110110
0001001000110110
0101001000100100
0100000101100000
0110000001110010
1110000000110000
1010000000111010
0000000010011010
0001000010011010
0000000010011011
0100000010001000
0100100000101000
0100110000100000
0100010001000000
0101000001000000
0100000001000000
39.txt
0100000001000000
0110000000110010
1110000000110010
1010000000110011
0010000000110011
0010000100110011
0110000100110011
1110000100110010
1010000000110110
0000000010010110
0001000000110110
0001001000110110
0101001000100100
0100000101100000
0110000001110010
1110000000110000
1010000000111010
0010000010111010
0000000010011010
0001000010011010
0000000010011011
0100000010001000
0100100000001000
0100100000101000
0100110000100000
0100010001000000
0101000001000000
0100000001000000
40.txt
0100000001000000
0110000000110010
1110000000110010
1010000000110011
0010000000110011
0010000100110011
0110000100110011
1110000100110010
1010000000110110
0000000010010110
0001000000110110
0001001000110110
0101001000100100
0100000001010000
0110000000010010
0110000000110000
1110000000010010
1010000000111010
0000000010011010
0001000010011010
0000000010011011
0100000010001000
0100100000101000
0100110000100000
0100010001000000
0101000001000000
0100000001000000
41.txt
0100000001000000
0110000000110010
1110000000110010
1010000000110011
0010000000110011
0010000100110011
0110000100110011
1110000100110010
1010000000110110
0000000010010110
0001000000110110
0001001000110110
0101001000100100
0100000101100000
0110000001110010
1110000000110000
1010000000111010
0000000010011010
0001000010011010
0000000010011011
0100000010001000
0100100000101000
0100110000100000
0100010001000000
0101000001000000
0100000001000000
42.txt
0100000001000000
0110000000110010
1110000000110010
1010000000110011
0010000000110011
0010000100110011
0110000100110011
1110000100110011
1110000000010010
1010000000110110
0010000010110110
0000000010010110
0001000000110110
0001001000110110
0101001000100100
0100000101100000
0110000001110010
1110000000110000
1010000000111010
0000000010011010
0001000010011010
0000000010011011
0100000010001000
0100100000101000
0100110000100000
0100010001000000
0101000001000000
0100000001000000
43.txt
0100000001000000
0110000000110010
1110000000110010
1010000000110011
0010000000110011
0010000100110011
0110000100110011
1110000100110010
1010000000110110
0000000010010110
0001000000110110
0001001000110110
0101001000100100
0100000101100000
0110000001110010
1110000000110000
1010000000111010
0000000010011010
0001000010011010
0000000010011011
0100000010001000
0100100000101000
0100110000100000
0100010001000000
0101000001000000
0100000001000000
44.txt
0100000001000000
0110000000110010
1110000000110010
1010000000110011
0010000000110011
0010000100110011
0110000100110011
1110000100110010
1010000000110110
0000000010010110
0001000000110110
0001001000110110
0101001000100100
0101000001100000
0100000001000000
0110000000110000
1110000000010010
1010000000111010
0000000010011010
0001000010011010
0000000010011011
0100000010001000
0100100000101000
0100110000100000
0100010001000000
0101000001000000
0100000001000000
45.txt
0100000001000000
0110000000110010
1110000000110010
1010000000110011
0010000000110011
0010000100110011
0110000100110011
1110000100110010
1010000000110110
0000000010010110
0001000000110110
0001001000110110
0101001000100100
0100000101100000
0110000001110010
1110000000110000
1010000000111010
0000000010011010
0001000010011010
0000000010011011
0100000010001000
0100100000101000
0100110000100000
0100100001100000
0100010001000000
0101000001000000
0100000001000000
46.txt
0100000001000000
0110000000010010
0110000000110010
1110000000110010
1010000000110011
0010000000110011
0010000100110011
0110000100110011
1110000100110010
1010000000110110
0000000010010110
0001000000110110
0001001000110110
0101001000100100
0100000101100000
0110000001110010
1110000000110000
1010000000111010
0000000010011010
0001000010011010
0000000010011011
0100000010001000
0100100000101000
0100110000100000
0100010001000000
0101000001000000
0100000001000000
47.txt
0100000001000000
0110000000110010
1110000000110010
1010000000110011
0010000000110011
0010000100110011
0110000100110011
1110000100110010
1010000000110110
0000000010010110
0001000000110110
0001001000110110
0101001000100100
0100000101100000
0110000001110010
1110000000110000
1010000000111010
0000000010011010
0001000010011010
0000000010011011
0100000010001000
0100100000101000
0100110000100000
0100010001000000
0101000001000000
0100000001000000
48.txt
0100000001000000
0110000000110010
1110000000110010
1010000000110011
0010000000110011
0010000100110011
0110000100110011
1110000100110010
1010000000110110
0000000010010110
0001000000010110
0001000000110110
0001001000110110
0101001000100100
0100000101100000
0110000001110010
1110000000110000
1010000000111010
0000000010011010
0001000010011010
0000000010011011
0100000010001000
0100100000101000
0100110000100000
0100010001000000
0101000001000000
0100000001000000
49.txt
0100000001000000
0110000000110010
1110000000110010
1010000000110011
0010000000110011
0010000100110011
0110000100110011
1110000100110010
1010000000110110
0000000010010110
0001000000110110
0001001000110110
0101001000100100
0100000101100000
0110000001110010
1110000000110000
1010000000111010
0010000010111010
0000000010011010
0001000010011010
0000000010011011
0100000010001000
0100100000001000
0100100000101000
0100110000100000
0100010001000000
0101000001000000
0100000001000000
50.txt
0100000001000000
0110000000110010
1110000000110010
1010000000110011
0010000000110011
0010000100110011
0110000100110011
1110000100110010
1010000000110110
0000000010010110
0001000000110110
0001001000110110
0101001000100100
0100000001010000
0110000000010010
0110000000110000
1110000000010010
1010000000111010
0000000010011010
0001000010011010
0000000010011011
0100000010001000
0100100000101000
0100110000100000
0100010001000000
0101000001000000
0100000001000000
51.txt
0100000001000000
0110000000110010
1110000000110010
1010000000110011
0010000000110011
0010000100110011
0110000100110011
1110000100110010
1010000000110110
0000000010010110
0001000000110110
0001001000110110
0101001000100100
0100000101100000
0110000001110010
1110000000110000
1010000000111010
0000000010011010
0001000010011010
0000000010011011
0100000010001000
0100100000101000
0100110000100000
0100010001000000
0101000001000000
0100000001000000
52.txt
0100000001000000
0110000000110010
1110000000110010
1010000000110011
0010000000110011
0010000100110011
0110000100110011
1110000100110011
1110000000010010
1010000000110110
0010000010110110
0000000010010110
0001000000110110
0001001000110110
0101001000100100
0100000101100000
0110000001110010
1110000000110000
1010000000111010
0000000010011010
0001000010011010
0000000010011011
0100000010001000
0100100000101000
0100110000100000
0100010001000000
0101000001000000
0100000001000000
53.txt
0100000001000000
0110000000110010
1110000000110010
1010000000110011
0010000000110011
0010000100110011
0110000100110011
1110000100110010
1010000000110110
0000000010010110
0001000000110110
0001001000110110
0101001000100100
0100000101100000
0110000001110010
1110000000110000
1010000000111010
0000000010011010
0001000010011010
0000000010011011
0100000010001000
0100100000101000
0100110000100000
0100010001000000
0101000001000000
0100000001000000
54.txt
0100000001000000
0110000000110010
1110000000110010
1010000000110011
0010000000110011
0010000100110011
0110000100110011
1110000100110010
1010000000110110
0000000010010110
0001000000110110
0001001000110110
0101001000100100
0101000001100000
0100000001000000
0110000000110000
1110000000010010
1010000000111010
0000000010011010
0001000010011010
0000000010011011
0100000010001000
0100100000101000
0100110000100000
0100010001000000
0101000001000000
0100000001000000
55.txt
0100000001000000
0110000000110010
1110000000110010
1010000000110011
0010000000110011
0010000100110011
0110000100110011
1110000100110010
1010000000110110
0000000010010110
0001000000110110
0001001000110110
0101001000100100
0100000101100000
0110000001110010
1110000000110000
1010000000111010
0000000010011010
0001000010011010
0000000010011011
0100000010001000
0100100000101000
0100110000100000
0100100001100000
0100010001000000
0101000001000000
0100000001000000
56.txt
0100000001000000
0110000000010010
0110000000110010
1110000000110010
1010000000110011
0010000000110011
0010000100110011
0110000100110011
1110000100110010
1010000000110110
0000000010010110
0001000000110110
0001001000110110
0101001000100100
0100000101100000
0110000001110010
1110000000110000
1010000000111010
0000000010011010
0001000010011010
0000000010011011
0100000010001000
0100100000101000
0100110000100000
0100010001000000
0101000001000000
0100000001000000
57.txt
0100000001000000
0110000000110010
1110000000110010
1010000000110011
0010000000110011
0010000100110011
0110000100110011
1110000100110010
1010000000110110
0000000010010110
0001000000110110
0001001000110110
0101001000100100
0100000101100000
0110000001110010
1110000000110000
1010000000111010
0000000010011010
0001000010011010
0000000010011011
0100000010001000
0100100000101000
0100110000100000
0100010001000000
0101000001000000
0100000001000000
58.txt
0100000001000000
0110000000110010
1110000000110010
1010000000110011
0010000000110011
0010000100110011
0110000100110011
1110000100110010
1010000000110110
0000000010010110
0001000000010110
0001000000110110
0001001000110110
0101001000100100
0100000101100000
0110000001110010
1110000000110000
1010000000111010
0000000010011010
0001000010011010
0000000010011011
0100000010001000
0100100000101000
0100110000100000
0100010001000000
0101000001000000
0100000001000000
59.txt
0100000001000000
0110000000110010
1110000000110010
1010000000110011
0010000000110011
0010000100110011
0110000100110011
1110000100110010
1010000000110110
0000000010010110
0001000000110110
0001001000110110
0101001000100100
0100000101100000
0110000001110010
1110000000110000
1010000000111010
0010000010111010
0000000010011010
0001000010011010
0000000010011011
0100000010001000
0100100000001000
0100100000101000
0100110000100000
0100010001000000
0101000001000000
0100000001000000
60.txt
0100000001000000
0110000000110010
1110000000110010
1010000000110011
0010000000110011
0010000100110011
0110000100110011
1110000100110010
1010000000110110
0000000010010110
0001000000110110
0001001000110110
0101001000100100
0100000001010000
0110000000010010
0110000000110000
1110000000010010
1010000000111010
0000000010011010
0001000010011010
0000000010011011
0100000010001000
0100100000101000
0100110000100000
0100010001000000
0101000001000000
0100000001000000
61.txt
0100000001000000
0110000000110010
1110000000110010
1010000000110011
0010000000110011
0010000100110011
0110000100110011
1110000100110010
1010000000110110
0000000010010110
0001000000110110
0001001000110110
0101001000100100
0100000101100000
0110000001110010
1110000000110000
1010000000111010
0000000010011010
0001000010011010
0000000010011011
0100000010001000
0100100000101000
0100110000100000
0100010001000000
0101000001000000
0100000001000000
62.txt
0100000001000000
0110000000110010
1110000000110010
1010000000110011
0010000000110011
0010000100110011
0110000100110011
1110000100110011
1110000000010010
1010000000110110
0010000010110110
0000000010010110
0001000000110110
0001001000110110
0101001000100100
0100000101100000
0110000001110010
1110000000110000
1010000000111010
0000000010011010
0001000010011010
0000000010011011
0100000010001000
0100100000101000
0100110000100000
0100010001000000
0101000001000000
0100000001000000
63.txt
0100000001000000
0110000000110010
1110000000110010
1010000000110011
0010000000110011
0010000100110011
0110000100110011
1110000100110010
1010000000110110
0000000010010110
0001000000110110
0001001000110110
0101001000100100
0100000101100000
0110000001110010
1110000000110000
1010000000111010
0000000010011010
0001000010011010
0000000010011011
0100000010001000
0100100000101000
0100110000100000
0100010001000000
0101000001000000
0100000001000000
64.txt
0100000001000000
0110000000110010
1110000000110010
1010000000110011
0010000000110011
0010000100110011
0110000100110011
1110000100110010
1010000000110110
0000000010010110
0001000000110110
0001001000110110
0101001000100100
0101000001100000
0100000001000000
0110000000110000
1110000000010010
1010000000111010
0000000010011010
0001000010011010
0000000010011011
0100000010001000
0100100000101000
0100110000100000
0100010001000000
0101000001000000
0100000001000000
65.txt
0100000001000000
0110000000110010
1110000000110010
1010000000110011
0010000000110011
0010000100110011
0110000100110011
1110000100110010
1010000000110110
0000000010010110
0001000000110110
0001001000110110
0101001000100100
0100000101100000
0110000001110010
1110000000110000
1010000000111010
0000000010011010
0001000010011010
0000000010011011
0100000010001000
0100100000101000
0100110000100000
0100100001100000
0100010001000000
0101000001000000
0100000001000000
66.txt
0100000001000000
0110000000010010
0110000000110010
1110000000110010
1010000000110011
0010000000110011
0010000100110011
0110000100110011
1110000100110010
1010000000110110
0000000010010110
0001000000110110
0001001000110110
0101001000100100
0100000101100000
0110000001110010
1110000000110000
1010000000111010
0000000010011010
0001000010011010
0000000010011011
0100000010001000
0100100000101000
0100110000100000
0100010001000000
0101000001000000
0100000001000000
67.txt
0100000001000000
0110000000110010
1110000000110010
1010000000110011
0010000000110011
0010000100110011
0110000100110011
1110000100110010
1010000000110110
0000000010010110
0001000000110110
0001001000110110
0101001000100100
0100000101100000
0110000001110010
1110000000110000
1010000000111010
0000000010011010
0001000010011010
0000000010011011
0100000010001000
0100100000101000
0100110000100000
0100010001000000
0101000001000000
0100000001000000
68.txt
0100000001000000
0110000000110010
1110000000110010
1010000000110011
0010000000110011
0010000100110011
0110000100110011
1110000100110010
1010000000110110
0000000010010110
0001000000010110
0001000000110110
0001001000110110
0101001000100100
0100000101100000
0110000001110010
1110000000110000
1010000000111010
0000000010011010
0001000010011010
0000000010011011
0100000010001000
0100100000101000
0100110000100000
0100010001000000
0101000001000000
0100000001000000
69.txt
0100000001000000
0110000000110010
1110000000110010
1010000000110011
0010000000110011
0010000100110011
0110000100110011
1110000100110010
1010000000110110
0000000010010110
0001000000110110
0001001000110110
0101001000100100
0100000101100000
0110000001110010
1110000000110000
1010000000111010
0010000010111010
0000000010011010
0001000010011010
0000000010011011
0100000010001000
0100100000001000
0100100000101000
0100110000100000
0100010001000000
0101000001000000
0100000001000000
70.txt
0100000001000000
0110000000110010
1110000000110010
1010000000110011
0010000000110011
0010000100110011
0110000100110011
1110000100110010
1010000000110110
0000000010010110
0001000000110110
0001001000110110
0101001000100100
0100000001010000
0110000000010010
0110000000110000
1110000000010010
1010000000111010
0000000010011010
0001000010011010
0000000010011011
0100000010001000
0100100000101000
0100110000100000
0100010001000000
0101000001000000
0100000001000000
71.txt
0100000001000000
0110000000110010
1110000000110010
1010000000110011
0010000000110011
0010000100110011
0110000100110011
1110000100110010
1010000000110110
0000000010010110
0001000000110110
0001001000110110
0101001000100100
0100000101100000
0110000001110010
1110000000110000
1010000000111010
0000000010011010
0001000010011010
0000000010011011
0100000010001000
0100100000101000
0100110000100000
0100010001000000
0101000001000000
0100000001000000
72.txt
0100000001000000
0110000000110010
1110000000110010
1010000000110011
0010000000110011
0010000100110011
0110000100110011
1110000100110011
1110000000010010
1010000000110110
0010000010110110
0000000010010110
0001000000110110
0001001000110110
0101001000100100
0100000101100000
0110000001110010
1110000000110000
1010000000111010
0000000010011010
0001000010011010
0000000010011011
0100000010001000
0100100000101000
0100110000100000
0100010001000000
0101000001000000
0100000001000000
73.txt
0100000001000000
0110000000110010
1110000000110010
1010000000110011
0010000000110011
0010000100110011
0110000100110011
1110000100110010
1010000000110110
0000000010010110
0001000000110110
0001001000110110
0101001000100100
0100000101100000
0110000001110010
1110000000110000
1010000000111010
0000000010011010
0001000010011010
0000000010011011
0100000010001000
0100100000101000
0100110000100000
0100010001000000
0101000001000000
0100000001000000
74.txt
0100000001000000
0110000000110010
1110000000110010
1010000000110011
0010000000110011
0010000100110011
0110000100110011
1110000100110010
1010000000110110
0000000010010110
0001000000110110
0001001000110110
0101001000100100
0101000001100000
0100000001000000
0110000000110000
1110000000010010
1010000000111010
0000000010011010
0001000010011010
0000000010011011
0100000010001000
0100100000101000
0100110000100000
0100010001000000
0101000001000000
0100000001000000
75.txt
0100000001000000
0110000000110010
1110000000110010
1010000000110011
0010000000110011
0010000100110011
0110000100110011
1110000100110010
1010000000110110
0000000010010110
0001000000110110
0001001000110110
0101001000100100
0100000101100000
0110000001110010
1110000000110000
1010000000111010
0000000010011010
0001000010011010
0000000010011011
0100000010001000
0100100000101000
0100110000100000
0100100001100000
0100010001000000
0101000001000000
0100000001000000
76.txt
0100000001000000
0110000000010010
0110000000110010
1110000000110010
1010000000110011
0010000000110011
0010000100110011
0110000100110011
1110000100110010
1010000000110110
0000000010010110
0001000000110110
0001001000110110
0101001000100100
0100000101100000
0110000001110010
1110000000110000
1010000000111010
0000000010011010
0001000010011010
0000000010011011
0100000010001000
0100100000101000
0100110000100000
0100010001000000
0101000001000000
0100000001000000
77.txt
0100000001000000
0110000000110010
1110000000110010
1010000000110011
0010000000110011
0010000100110011
0110000100110011
1110000100110010
1010000000110110
0000000010010110
0001000000110110
0001001000110110
0101001000100100
0100000101100000
0110000001110010
1110000000110000
1010000000111010
0000000010011010
0001000010011010
0000000010011011
0100000010001000
0100100000101000
0100110000100000
0100010001000000
0101000001000000
0100000001000000
78.txt
0100000001000000
0110000000110010
1110000000110010
1010000000110011
0010000000110011
0010000100110011
0110000100110011
1110000100110010
1010000000110110
0000000010010110
0001000000010110
0001000000110110
0001001000110110
0101001000100100
0100000101100000
0110000001110010
1110000000110000
1010000000111010
0000000010011010
0001000010011010
0000000010011011
0100000010001000
0100100000101000
0100110000100000
0100010001000000
0101000001000000
0100000001000000
79.txt
0100000001000000
0110000000110010
1110000000110010
1010000000110011
0010000000110011
0010000100110011
0110000100110011
1110000100110010
1010000000110110
0000000010010110
0001000000110110
0001001000110110
0101001000100100
0100000101100000
0110000001110010
1110000000110000
1010000000111010
0010000010111010
0000000010011010
0001000010011010
0000000010011011
0100000010001000
0100100000001000
0100100000101000
0100110000100000
0100010001000000
0101000001000000
0100000001000000
80.txt
0100000001000000
0110000000110010
1110000000110010
1010000000110011
0010000000110011
0010000100110011
0110000100110011
1110000100110010
1010000000110110
0000000010010110
0001000000110110
0001001000110110
0101001000100100
0100000001010000
0110000000010010
0110000000110000
1110000000010010
1010000000111010
0000000010011010
0001000010011010
0000000010011011
0100000010001000
0100100000101000
0100110000100000
0100010001000000
0101000001000000
0100000001000000
81.txt
0100000001000000
0110000000110010
1110000000110010
1010000000110011
0010000000110011
0010000100110011
0110000100110011
1110000100110010
1010000000110110
0000000010010110
0001000000110110
0001001000110110
0101001000100100
0100000101100000
0110000001110010
1110000000110000
1010000000111010
0000000010011010
0001000010011010
0000000010011011
0100000010001000
0100100000101000
0100110000100000
0100010001000000
0101000001000000
0100000001000000
82.txt
0100000001000000
0110000000110010
1110000000110010
1010000000110011
0010000000110011
0010000100110011
0110000100110011
1110000100110011
1110000000010010
1010000000110110
0010000010110110
0000000010010110
0001000000110110
0001001000110110
0101001000100100
0100000101100000
0110000001110010
1110000000110000
1010000000111010
0000000010011010
0001000010011010
0000000010011011
0100000010001000
0100100000101000
0100110000100000
0100010001000000
0101000001000000
0100000001000000
83.txt
0100000001000000
0110000000110010
1110000000110010
1010000000110011
0010000000110011
0010000100110011
0110000100110011
1110000100110010
1010000000110110
0000000010010110
0001000000110110
0001001000110110
0101001000100100
0100000101100000
0110000001110010
1110000000110000
1010000000111010
0000000010011010
0001000010011010
0000000010011011
0100000010001000
0100100000101000
0100110000100000
0100010001000000
0101000001000000
0100000001000000
84.txt
0100000001000000
0110000000110010
1110000000110010
1010000000110011
0010000000110011
0010000100110011
0110000100110011
1110000100110010
1010000000110110
0000000010010110
0001000000110110
0001001000110110
0101001000100100
0101000001100000
0100000001000000
0110000000110000
1110000000010010
1010000000111010
0000000010011010
0001000010011010
0000000010011011
0100000010001000
0100100000101000
0100110000100000
0100010001000000
0101000001000000
0100000001000000
85.txt
0100000001000000
0110000000110010
1110000000110010
1010000000110011
0010000000110011
0010000100110011
0110000100110011
1110000100110010
1010000000110110
0000000010010110
0001000000110110
0001001000110110
0101001000100100
0100000101100000
0110000001110010
1110000000110000
1010000000111010
0000000010011010
0001000010011010
0000000010011011
0100000010001000
0100100000101000
0100110000100000
0100100001100000
0100010001000000
0101000001000000
0100000001000000
86.txt
0100000001000000
0110000000010010
0110000000110010
1110000000110010
1010000000110011
0010000000110011
0010000100110011
0110000100110011
1110000100110010
1010000000110110
0000000010010110
0001000000110110
0001001000110110
0101001000100100
0100000101100000
0110000001110010
1110000000110000
1010000000111010
0000000010011010
0001000010011010
0000000010011011
0100000010001000
0100100000101000
0100110000100000
0100010001000000
0101000001000000
0100000001000000
87.txt
0100000001000000
0110000000110010
1110000000110010
1010000000110011
0010000000110011
0010000100110011
0110000100110011
1110000100110010
1010000000110110
0000000010010110
0001000000110110
0001001000110110
0101001000100100
0100000101100000
0110000001110010
1110000000110000
1010000000111010
0000000010011010
0001000010011010
0000000010011011
0100000010001000
0100100000101000
0100110000100000
0100010001000000
0101000001000000
0100000001000000
88.txt
0100000001000000
0110000000110010
1110000000110010
1010000000110011
0010000000110011
0010000100110011
0110000100110011
1110000100110010
1010000000110110
0000000010010110
0001000000010110
0001000000110110
0001001000110110
0101001000100100
0100000101100000
0110000001110010
1110000000110000
1010000000111010
0000000010011010
0001000010011010
0000000010011011
0100000010001000
0100100000101000
0100110000100000
0100010001000000
0101000001000000
0100000001000000
89.txt
0100000001000000
0110000000110010
1110000000110010
1010000000110011
0010000000110011
0010000100110011
0110000100110011
1110000100110010
1010000000110110
0000000010010110
0001000000110110
0001001000110110
0101001000100100
0100000101100000
0110000001110010
1110000000110000
1010000000111010
0010000010111010
0000000010011010
0001000010011010
0000000010011011
0100000010001000
0100100000001000
0100100000101000
0100110000100000
0100010001000000
0101000001000000
0100000001000000
90.txt
0100000001000000
0110000000110010
1110000000110010
1010000000110011
0010000000110011
0010000100110011
0110000100110011
1110000100110010
1010000000110110
0000000010010110
0001000000110110
0001001000110110
0101001000100100
0100000001010000
0110000000010010
0110000000110000
1110000000010010
1010000000111010
0000000010011010
0001000010011010
0000000010011011
0100000010001000
0100100000101000
0100110000100000
0100010001000000
0101000001000000
0100000001000000
91.txt
0100000001000000
0110000000110010
1110000000110010
1010000000110011
0010000000110011
0010000100110011
0110000100110011
1110000100110010
1010000000110110
0000000010010110
0001000000110110
0001001000110110
0101001000100100
0100000101100000
0110000001110010
1110000000110000
1010000000111010
0000000010011010
0001000010011010
0000000010011011
0100000010001000
0100100000101000
0100110000100000
0100010001000000
0101000001000000
0100000001000000
92.txt
0100000001000000
0110000000110010
1110000000110010
1010000000110011
0010000000110011
0010000100110011
0110000100110011
1110000100110011
1110000000010010
1010000000110110
0010000010110110
0000000010010110
0001000000110110
0001001000110110
0101001000100100
0100000101100000
0110000001110010
1110000000110000
1010000000111010
0000000010011010
0001000010011010
0000000010011011
0100000010001000
0100100000101000
0100110000100000
0100010001000000
0101000001000000
0100000001000000
93.txt
0100000001000000
0110000000110010
1110000000110010
1010000000110011
0010000000110011
0010000100110011
0110000100110011
1110000100110010
1010000000110110
0000000010010110
0001000000110110
0001001000110110
0101001000100100
0100000101100000
0110000001110010
1110000000110000
1010000000111010
0000000010011010
0001000010011010
0000000010011011
0100000010001000
0100100000101000
0100110000100000
0100010001000000
0101000001000000
0100000001000000
94.txt
0100000001000000
0110000000110010
1110000000110010
1010000000110011
0010000000110011
0010000100110011
0110000100110011
1110000100110010
1010000000110110
0000000010010110
0001000000110110
0001001000110110
0101001000100100
0101000001100000
0100000001000000
0110000000110000
1110000000010010
1010000000111010
0000000010011010
0001000010011010
0000000010011011
0100000010001000
0100100000101000
0100110000100000
0100010001000000
0101000001000000
0100000001000000
95.txt
0100000001000000
0110000000110010
1110000000110010
1010000000110011
0010000000110011
0010000100110011
0110000100110011
1110000100110010
1010000000110110
0000000010010110
0001000000110110
0001001000110110
0101001000100100
0100000101100000
0110000001110010
1110000000110000
1010000000111010
0000000010011010
0001000010011010
0000000010011011
0100000010001000
0100100000101000
0100110000100000
0100100001100000
0100010001000000
0101000001000000
0100000001000000
96.txt
0100000001000000
0110000000010010
0110000000110010
1110000000110010
1010000000110011
0010000000110011
0010000100110011
0110000100110011
1110000100110010
1010000000110110
0000000010010110
0001000000110110
0001001000110110
0101001000100100
0100000101100000
0110000001110010
1110000000110000
1010000000111010
0000000010011010
0001000010011010
0000000010011011
0100000010001000
0100100000101000
0100110000100000
0100010001000000
0101000001000000
0100000001000000
97.txt
0100000001000000
0110000000110010
1110000000110010
1010000000110011
0010000000110011
0010000100110011
0110000100110011
1110000100110010
1010000000110110
0000000010010110
0001000000110110
0001001000110110
0101001000100100
0100000101100000
0110000001110010
1110000000110000
1010000000111010
0000000010011010
0001000010011010
0000000010011011
0100000010001000
0100100000101000
0100110000100000
0100010001000000
0101000001000000
0100000001000000
98.txt
0100000001000000
0110000000110010
1110000000110010
1010000000110011
0010000000110011
0010000100110011
0110000100110011
1110000100110010
1010000000110110
0000000010010110
0001000000010110
0001000000110110
0001001000110110
0101001000100100
0100000101100000
0110000001110010
1110000000110000
1010000000111010
0000000010011010
0001000010011010
0000000010011011
0100000010001000
0100100000101000
0100110000100000
0100010001000000
0101000001000000
0100000001000000
99.txt
0100000001000000
0110000000110010
1110000000110010
1010000000110011
0010000000110011
0010000100110011
0110000100110011
1110000100110010
1010000000110110
0000000010010110
0001000000110110
0001001000110110
0101001000100100
0100000101100000
0110000001110010
1110000000110000
1010000000111010
0010000010111010
0000000010011010
0001000010011010
0000000010011011
0100000010001000
0100100000001000
0100100000101000
0100110000100000
0100010001000000
0101000001000000
0100000001000000
100.txt
0100000001000000
0110000000110010
1110000000110010
1010000000110011
0010000000110011
0010000100110011
0110000100110011
1110000100110010
1010000000110110
0000000010010110
0001000000110110
0001001000110110
0101001000100100
0100000001010000
0110000000010010
0110000000110000
1110000000010010
1010000000111010
0000000010011010
0001000010011010
0000000010011011
0100000010001000
0100100000101000
0100110000100000
0100010001000000
0101000001000000
0100000001000000
