01.txt
  0000001001010
  0000101001010
  1000101001010
  1000100001010
  1000000001010
  0110000101010
  0110000001010
  0110000000010
  0010001000010
  0000001000110
  0000001000010
  0000001001010
02.txt
  0000001001010
  0000101001010
  1000101001010
  1000100001010
  1000000001010
  0110000101010
  0110000100010
  0110000000010
  0100000000110
  0000001000110
  0000001000010
  0000001001010
03.txt
  0000001001010
  0000101001010
  1000101001010
  1000100001010
  1000000001010
  0110000101010
  0110000100010
  0110000000010
  0100000000110
  0000001000010
  0000001001010
04.txt
  0000001001010
  0000101001010
  1000111001010
  1000110001010
  1000010001010
  1000000001010
  1000000101010
  1000000001010
  0101000011010
  0101000011000
  0101000001000
  0100000001001
  0100000001000
  0100000101000
  0100000001000
  0100000001010
  0000001001010
05.txt
  0000001001010
  0000101001010
  1000111001010
  1000110001010
  1000010001010
  1000000001010
  1000000101010
  1000000001010
  0101000011010
  0101000001010
  0101000001000
  0100000001001
  0100000001000
  0100000101000
  0100000001000
  0100000001010
  0000001001010
06.txt
  0000001001010
  0000101001010
  1000111001010
  1000110001010
  1000010001010
  1000000001010
  1000000101010
  1000000001010
  0101000011010
  0101000001010
  0101000001000
  0100000001001
  0100000101000
  0100000001010
  0000001001010
07.txt
  0000001001010
  0000101001010
  1000111001010
  1000110001010
  1000010001010
  1000000001010
  1000000101010
  1000000001010
  0101000011010
  0101000001000
  0100000001001
  0100000101000
  0100000001010
  0000001001010
08.txt
  0000001001010
  0000101001010
  1000111001010
  1000110001010
  1000100001010
  1000000001010
  1000000101010
  1000000001010
  0101000011010
  0101000001010
  0101000001000
  0100000001001
  0100000101000
  0100000001010
  0000001001010
09.txt
  0000001001010
  0000101001010
  1000101001010
  1000100001010
  1000000001010
  0110000101010
  0110000100010
  0110000000010
  0010001000010
  0000001000110
  0000001000010
  0000001001010
