1.txt
010101010101100
010101000101100
010101010100011
000101010100011
010101010110100
010001010110100
010101010111000
010101010011000
010101010100101
010101000100101
010101010100110
010101010000110
010101010101001
000101010101001
010101010110010
010100010110010
010101010110100
010101010010100
010101010100011
010001010100011
2.txt
010101010101100
010101010001100
010101010110001
010101000110001
010101010100011
000101010100011
010101010111000
010100010111000
3.txt
010101010101100
000101010101100
010101010110010
010101010010010
010101010100101
000101010100101
010101010111000
010101000111000
010101010101010
000101010101010
010101010110001
010100010110001
010101010110100
010101010010100
010101010101001
010100010101001
010101010100110
000101010100110
010101010110001
010001010110001
4.txt
010101010101100
010101000101100
010101010110010
010101010010010
010101010100101
010001010100101
010101010101010
000101010101010
010101010110001
010100010110001
010101010100101
010001010100101
010101010111000
010101000111000
010101010100110
010101010000110
010101010101001
000101010101001
010101010110100
010101000110100
010101010100011
010001010100011
5.txt
010101010101100
010101010001100
010101010110001
010101000110001
010101010110010
010101010010010
010101010101001
010100010101001
010101010100110
010101010000110
010101010101001
000101010101001
010101010111000
010101010011000
010101010110001
010100010110001
6.txt
010101010101100
010101000101100
010101010100011
000101010100011
010101010111000
010100010111000
010101010110100
010001010110100
010101010101001
010101000101001
010101010110010
110101010110010
010101010100110
010101010000110
010101010101001
010100010101001
9.txt
010101010101100
010101010001100
010101010100101
010001010100101
10.txt
010101010101100
010101010001100
010101010110001
010101000110001
010101010100011
010100010100011
11.txt
010101010101100
000101010101100
010101010110001
010101000110001
010101010100110
010001010100110
010101010101001
010100010101001
010101010110100
010101000110100
010101010100110
010101010000110
010101010101001
000101010101001
010101010110001
010001010110001
010101010111000
010101010011000
010101010100101
010101000100101
010101010101010
000101010101010
010101010110001
010100010110001
13.txt
010101010101100
010101010001100
010101010100011
000101010100011
010101010110001
010100010110001
14.txt
010101010101100
010101000101100
010101010110010
010101010010010
010101010100101
010001010100101
010101010101001
010100010101001
010101010100110
000101010100110
010101010111000
010101010011000
010101010110001
010001010110001
15.txt
010101010101100
010101010001100
010101010110001
010100010110001
16.txt
010101010101100
010101000101100
010101010100110
010101010000110
010101010101001
010100010101001
010101010110100
010101000110100
010101010100110
010101010000110
010101010110001
010001010110001
17.txt
010101010101100
010101000101100
010101010100011
000101010100011
010101010111000
010100010111000
010101010100101
010101000100101
010101010110010
010100010110010
010101010100101
010001010100101
18.txt
010101010101100
010101010001100
010101010101001
010100010101001
010101010100110
000101010100110
010101010110001
010100010110001
010101010100110
000101010100110
010101010110001
010001010110001
19.txt
010101010101100
010101010001100
010101010110001
010001010110001
20.txt
010101010101100
010101000101100
010101010100011
010100010100011
010101010110100
010001010110100
21.txt
010101010101100
010101010001100
010101010110001
010101000110001
010101010101010
010100010101010
010101010100101
000101010100101
010101010110010
010100010110010
010101010100101
010001010100101
22.txt
010101010101100
010101010001100
010101010110001
010001010110001
23.txt
010101010101100
010101000101100
010101010100110
010001010100110
010101010101001
010100010101001
010101010100110
000101010100110
010101010111000
010101010011000
010101010100101
010101000100101
010101010110010
010001010110010