1.txt
010101010101100
010101000101100
010101010100011
000101010100011
010101010110100
010001010110100
010101010111000
010101010011000
010101010100101
010101000100101
010101010100110
010101010000110
010101010101001
000101010101001
010101010110010
010100010110010
010101010110100
010101010010100
010101010100011
010001010100011
2.txt
010101010101100
010101010001100
010101010110001
010101000110001
010101010100011
000101010100011
010101010111000
010100010111000
3.txt
010101010101100
000101010101100
010101010110010
010101010010010
010101010100101
000101010100101
010101010111000
010101000111000
010101010101010
000101010101010
010101010110001
010100010110001
010101010110100
010101010010100
010101010101001
010100010101001
010101010100110
000101010100110
010101010110001
010001010110001
4.txt
010101010101100
010101000101100
010101010110010
010101010010010
010101010100101
010001010100101
010101010101010
000101010101010
010101010110001
010100010110001
010101010100101
010001010100101
010101010111000
010101000111000
010101010100110
010101010000110
010101010101001
000101010101001
010101010110100
010101000110100
010101010100011
010001010100011
5.txt
010101010101100
010101010001100
010101010110001
010101000110001
010101010110010
010101010010010
010101010101001
010100010101001
010101010100110
010101010000110
010101010101001
000101010101001
010101010111000
010101010011000
010101010110001
010100010110001
6.txt
010101010101100
010101000101100
010101010100011
000101010100011
010101010111000
010100010111000
010101010110100
010001010110100
010101010101001
010101000101001
010101010110010
110101010110010
010101010100110
010101010000110
010101010101001
010100010101001
7.txt
010101010101100
010101010001100
010101010100101
010001010100101
010101010111000
010101000111000
010101010101010
010101010001010
010101010110001
010100010110001
010101010100101
000101010100101
000101010110010
010101010110010
010001010110010
010101010111000
010100010111000
010101010100101
010001010100101
010101010101010
000101010101010
010101010110010
010001010110010
010101010101001
010100010101001
010101010110100
010101000110100
010101010110010
010100010110010
010101010100101
010001010100101
010101010111000
010101000111000
010101010110010
010001010110010
010101010101001
010100010101001
010101010110100
010101000110100
010101010110010
010100010110010
010101010100101
010001010100101
010101010101010
000101010101010
010101010110001
010100010110001
8.txt
010101010101100
010101010001100
010101010100011
000101010100011
010101010110001
010101000110001
010101010100110
010001010100110
010101010101001
010100010101001
010101010110100
010101010010100
010101010100011
010001010100011
010101010111000
010100010111000
010101010100101
010001010100101
010101010101010
000101010101010
010101010110010
010001010110010
010101010101010
000101010101010
010101010110001
010100010110001
010101010100101
000101010100101
010101010111000
110101010111000
010101010101001
010100010101001
010100010100101
010101010100101
010101000100101
010101010100110
010101010000110
010101010100101
010101000100101
010101010110010
010100010110010
010101010100101
010001010100101
9.txt
010101010101100
010101010001100
010101010100101
010001010100101
10.txt
010101010101100
010101010001100
010101010110001
010101000110001
010101010100011
010100010100011
11.txt
010101010101100
000101010101100
010101010110001
010101000110001
010101010100110
010001010100110
010101010101001
010100010101001
010101010110100
010101000110100
010101010100110
010101010000110
010101010101001
000101010101001
010101010110001
010001010110001
010101010111000
010101010011000
010101010100101
010101000100101
010101010101010
000101010101010
010101010110001
010100010110001
12.txt
010101010101100
010101000101100
010101010100110
010101010000110
010101010110001
010001010110001
010101010101010
010101010001010
010101010100101
000101010100101
010101010111000
010101010011000
010101010100101
000101010100101
010101010110010
010001010110010
010101010101001
010100010101001
010101010110100
010001010110100
010101010101001
010101000101001
010101010101010
010101010001010
010101010100101
010101000100101
010101010101010
000101010101010
010101010110010
010101010010010
010101010100101
010001010100101
010101010101001
010100010101001
010101010110100
010101010010100
010101010101001
010101000101001
010101010100011
010001010100011
13.txt
010101010101100
010101010001100
010101010100011
000101010100011
010101010110001
010100010110001
14.txt
010101010101100
010101000101100
010101010110010
010101010010010
010101010100101
010001010100101
010101010101001
010100010101001
010101010100110
000101010100110
010101010111000
010101010011000
010101010110001
010001010110001
15.txt
010101010101100
010101010001100
010101010110001
010100010110001
16.txt
010101010101100
010101000101100
010101010100110
010101010000110
010101010101001
010100010101001
010101010110100
010101000110100
010101010100110
010101010000110
010101010110001
010001010110001
17.txt
010101010101100
010101000101100
010101010100011
000101010100011
010101010111000
010100010111000
010101010100101
010101000100101
010101010110010
010100010110010
010101010100101
010001010100101
18.txt
010101010101100
010101010001100
010101010101001
010100010101001
010101010100110
000101010100110
010101010110001
010100010110001
010101010100110
000101010100110
010101010110001
010001010110001
19.txt
010101010101100
010101010001100
010101010110001
010001010110001
20.txt
010101010101100
010101000101100
010101010100011
010100010100011
010101010110100
010001010110100
21.txt
010101010101100
010101010001100
010101010110001
010101000110001
010101010101010
010100010101010
010101010100101
000101010100101
010101010110010
010100010110010
010101010100101
010001010100101
22.txt
010101010101100
010101010001100
010101010110001
010001010110001
23.txt
010101010101100
010101000101100
010101010100110
010001010100110
010101010101001
010100010101001
010101010100110
000101010100110
010101010111000
010101010011000
010101010100101
010101000100101
010101010110010
010001010110010
24.txt
010101010101100
010101010001100
010101010110001
010100010110001
25.txt
010101010101100
010101000101100
010101010100011
010100010100011
26.txt
010101010101100
000101010101100
010101010110001
010100010110001
27.txt
010101010101100
010101000101100
010101010100110
010001010100110
010101010101001
000101010101001
010101010110100
010101000110100
010101010100011
010100010100011
010100010101100
28.txt
010101010101100
010101010001100
010101010110001
010100010110001
010101010110100
010101010010100
010101010101001
010101000101001
010101010100110
010101010000110
010101010110001
010001010110001
010101010111000
010101010011000
010101010100101
010001010100101
010101010101010
000101010101010
010101010110010
010001010110010
010101010101010
010100010101010
010101010110100
010101010010100
010101010101001
010100010101001
010101010110100
010101000110100
010101010110010
010101010010010
010101010100101
010001010100101
29.txt
010101010101100
000101010101100
010101010110001
010101000110001
010101010100011
000101010100011
010101010110001
010100010110001
010101010100110
010001010100110
010101010101001
010100010101001
010101010110100
010101000110100
010101010100011
000101010100011
010101010110100
010001010110100
30.txt
010101010101100
000101010101100
010101010110001
010100010110001
31.txt
010101010101100
010101010001100
010101010100011
000101010100011
010101010110100
010101010010100
010101010101001
010101000101001
010101010100011
010001010100011
32.txt
010101010101100
000101010101100
010101010110100
010001010110100
010101010101001
000101010101001
010101010110100
010101000110100
010101010100110
000101010100110
010101010110010
010100010110010
010101010110100
010101000110100
010101010110010
110101010110010
010101010100011
010001010100011
33.txt
010101010101100
010101010001100
010101010100101
010001010100101
010101010111000
110101010111000
010101010101001
010100010101001
010101010100110
010101010000110
010101010100011
010100010100011
010101010110100
010101010010100
010101010101001
010101000101001
010101010101010
010101010001010
010101010100101
000101010100101
010101010110001
010100010110001
010101010100110
010001010100110
010101010101010
010101110101010
010101110111000
010101010111000
010100010111000
010101010100101
000101010100101
010101010110100
010101010010100
010101010110001
010100010110001
34.txt
010101010101100
010101010001100
010101010110001
010101000110001
010101010100110
010001010100110
010101010111000
010101010011000
010101010100101
010101000100101
010101010101010
010101010001010
010101010110001
010100010110001
010101010100101
000101010100101
010101010110010
010001010110010
35.txt
010101010101100
010101010001100
010101010110001
010101000110001
010101010101010
010101010001010
010101010100101
000101010100101
010101010110001
010100010110001
36.txt
010101010101100
000101010101100
010101010110010
010101010010010
010101010110001
010100010110001
010101010100110
010001010100110
010101010101001
010100010101001
010101010110100
010001010110100
010101010101010
010100010101010
010101010100101
000101010100101
010101010110001
010100010110001
010101010110100
010101010010100
010101010101001
010100010101001
010101010100110
000101010100110
010101010110100
010101010010100
010101010100011
010001010100011
010101010111000
010100010111000
010101010100101
000101010100101
010101010110010
010001010110010
010101010111000
010101000111000
010101010100011
010100010100011
37.txt
010101010101100
000101010101100
010101010110100
010001010110100
010101010101010
010101010001010
010101010110001
010100010110001
38.txt
010101010101100
010101000101100
010101010101010
010100010101010
010101010100101
000101010100101
010101010110010
010001010110010
010101010111010
010101010011010
010101010101101
000101010101101
000101010111010
010101010111010
010100010111010
010100010110101
010101010110101
010101000110101
010101010111010
010100010111010
010101010101101
000101010101101
010101010111010
010100010111010
010101010100111
000101010100111
010101010111010
010100010111010
010100010101101
010101010101101
000101010101101
010101010110110
010101010010110
010101010111001