1.txt
010101010100000
010101010100111
010001010100111
010101010111100
010101010101110
010101010001110
010101010111001
010100010111001
010101010100111
010001010100111
010101010111100
2.txt
010101010100000
010101010100111
010001010100111
010101010111100
010101010101110
010101010001110
010101010111001
010100010111001
010100010100111
010101010100111
000101010100111
010101010111100
3.txt
010101010100000
010101010100111
010001010100111
010101010111100
010101010101110
010101010001110
010101010111001
010100010111001
010101010100111
000101010100111
010101010111100
4.txt
010101010100000
010101010100111
010001010100111
010101010111100
010101010101110
000101010101110
010101010111001
010100010111001
010100010100111
010101010100111
000101010100111
010101010111100
010101010011100
010101010010011
010101010110011
5.txt
010101010100000
010101010100111
010001010100111
010101010111010
010101010101010
010100010101010
010100010101110
010101010101110
000101010101110
010101010110101
010001010110101
010101010101011
010100010101011
010101010101101
000101010101101
010101010110110
010101010010110
010101010001011
010101010101011
6.txt
010101010100000
010101010100111
010001010100111
010001010111010
010101010111010
010101010101010
000101010101010
010101010111010
010100010111010
010101010111100
010101010011100
010101010110101
010001010110101
010101010101011
010100010101011
010101010111100
010101010011100
010101010000111
010101010100111
000101010100111
010101010111001
010100010111001
010101010110110
7.txt
010101010100000
010101010100111
010001010100111
010001010111010
010101010111010
010101010101010
000101010101010
010101010111010
010100010111010
010101010111100
010101010011100
010101010010101
010101010110101
010001010110101
010001010101011
010101010101011
000101010101011
000101010111100
010101010111100
010101010011100
010101010110011
010100010110011
010101010101101
8.txt
010101010100000
010101010100111
010101011100111
010101010101110
000101010101110
000101010111010
010101010111010
010101010101010
000101010101010
000101010111010
010101010111010
010101010011010
010101010001101
010101010101101
000101010101101
010101010110101
010001010110101
010101010111010
9.txt
010101010100000
010101010100111
010101011100111
010101010101110
000101010101110
000101010111010
010101010111010
010101010101010
000101010101010
000101010111010
010101010111010
010101010011010
010101010001101
010101010101101
000101010101101
000101010110101
010101010110101
010101000110101
010101010111010
10.txt
010101010100000
010101010100111
010101011100111
010101010101110
000101010101110
000101010101010
000101010111010
010101010111010
010101010011010
010101010001101
010101010101101
000101010101101
010101010110101
010101000110101
010101010111010
11.txt
010101010100000
010101010100111
010001010100111
010001010111010
010101010111010
010101010101010
000101010101010
010101010111010
010101010011010
010101010010101
010101010110101
010001010110101
010101010111100
010101010011100
010101010111001
010100010111001
010101010110110
010101010010110
010101010101101
010101000101101
010101010111010
12.txt
010101010100000
010101010100011
010100010100011
010100010101100
010101010101100
010101010001100
010101010110001
010101010100011
000101010100011
010101010110100
010101010010100
010101010101001
000101010101001
010101010110100
010101000110100
010101010110010
010101010010010
010101010100101
010001010100101
010101010101100
010101010001100
010101010101001
010100010101001
010101010110100
010101000110100
010101010110010
010100010110010
010101010100110
000101010100110
010101010110100
13.txt
010101010100000
010101010100011
010100010100011
010100010101100
010101010101100
010101010001100
010101010110001
010101010100011
000101010100011
010101010110001
010100010110001
010101010110100
010001010110100
010101010101001
010101000101001
010101010100110
000101010100110
010101010111000
010101010011000
010101010110001
010001010110001
010101010101001
000101010101001
010101010110100
010101000110100
010101010101010
14.txt
010101010100000
010101010100011
010100010100011
010101010101100
010101010101110
010101010001110
010101010110001
010100010110001
010101010101100
010101010001100
010101010100011
000101010100011
010101010110001
010101000110001
010101010110010
010100010110010
010101010100101
010001010100101
010101010101010
000101010101010
010101010110001
15.txt
010101010100000
010101010100011
010100010100011
010100010101100
010101010101100
010101010101110
010101010001110
010101010110001
010100010110001
010101010101100
010101010001100
010101010100011
000101010100011
010101010110001
010101000110001
010101010110010
010100010110010
010101010100101
010001010100101
010101010101010
16.txt
010101010100000
010101010100011
010100010100011
010101010101100
010101010101110
010101010001110
010101010110001
010100010110001
010101010101100
010101010001100
010101010110001
010101000110001
010101010100011
000101010100011
010101010110100
010111010110100
010101010110010
010101010010010
010101010101001
17.txt
010101010100000
010101010100011
010100010100011
010101010101100
010101010101110
000101010101110
010101010110001
010100010110001
010101010101100
010101010001100
010101010110001
010101000110001
010101010100011
000101010100011
010101010110100
18.txt
010101010100000
010101010100011
010100010100011
010101010101100
010101010101110
000101010101110
010101010110001
010100010110001
010101010100110
010001010100110
010101010101001
000101010101001
010101010110100
010101000110100
010101010100011
010001010100011
010101010101100
19.txt
010101010100000
010101010100011
010100010100011
010101010101100
010101010101110
000101010101110
010101010110001
010100010110001
010101010101100
010101000101100
010101010100011
000101010100011
010101010111000
010100010111000
010101010100101
20.txt
010101010100000
010101010100011
010100010100011
010100010101100
010101010101100
010101010101110
000101010101110
010101010110001
010100010110001
010101010101100
010101000101100
010101010100011
000101010100011
010101010111000
010100010111000
010101010100101
21.txt
010101010100000
010101010100011
010100010100011
010101010101100
010101010101110
000101010101110
010101010110001
010100010110001
010101010101100
010101000101100
010101010100011
000101010100011
010101010111000
22.txt
010101010100000
010101010100011
010100010100011
010101010101100
010101010101110
000101010101110
010101010110001
010100010110001
010101010101100
010101000101100
010101010100011
000101010100011
010101010111000
23.txt
010101010100000
010101010100011
010100010100011
010101010101100
010101010101110
000101010101110
010101010110100
010101010010100
010101010110001
010100010110001
010101010101100
010101010001100
010101010100011
010100010100011
010101010110100
24.txt
010101010100000
010101010100011
010100010100011
010100010101100
010101010101100
010101010101110
000101010101110
010101010110100
010101010010100
010101010110001
010100010110001
010101010101100
010101010001100
010101010100011
25.txt
010101010100000
010101010100011
010100010100011
010100010101100
010101010101100
010101010101110
000101010101110
010101010110100
010101010010100
010101010100011
010100010100011
010101010110100
010001010110100
010101010101001
010100010101001
010101010110100
26.txt
010101010100000
010101010100011
010100010100011
010100010101100
010101010101100
010101010101110
000101010101110
010101010110100
010101010010100
010101010100011
010100010100011
010101010110100
010001010110100
010101010101001
010100010101001
010101010110100
27.txt
010101010100000
010101010100011
010100010100011
010100010101100
010101010101100
010101010101110
000101010101110
010101010110100
010101010010100
010101010100011
010100010100011
010101010110100
010001010110100
010101010101100
010101010001100
010101010110001
28.txt
010101010100000
010101010100011
010100010100011
010100010101100
010101010101100
010101010101110
000101010101110
010101010110100
010101010010100
010101010100011
010100010100011
010101010101100
000101010101100
010101010110100
29.txt
010101010100000
010101010100011
010101011100011
010101010100110
010001010100110
010101010101100
000101010101100
010101010110001
010100010110001
010101010101100
010101000101100
010101010100011
30.txt
010101010100000
010101010100011
010101011100011
010101010100110
010001010100110
010101010101100
000101010101100
010101010110001
010100010110001
010101010101100
010101000101100
010101010100011
31.txt
010101010100000
010101010100011
010100010100011
010100010101100
010101010101100
010101010101110
000101010101110
010101010110001
010100010110001
010101010110100
010101010010100
010101010101001
010100010101001
010101010100110
32.txt
010101010100000
010101010100011
010100010100011
010100010101100
010101010101100
010101010101110
000101010101110
010101010110001
010100010110001
010101010110100
010101010010100
010101010101001
33.txt
010101010100000
010101010100011
010100010100011
010100010101100
010101010101100
010101010101110
000101010101110
010101010110001
010100010110001
010101010110100
110101010110100
010101010100101
34.txt
010101010100000
010101010100011
010100010100011
010100010101100
010101010101100
010101010101110
000101010101110
010101010110001
010100010110001
010101010110100
010101010010100
010101010101001
35.txt
010101010100000
010101010100011
010100010100011
010101010101100
010101010101110
000101010101110
010101010110001
010100010110001
010101010110100
010101010010100
010101010101001
36.txt
010101010100000
010101010100011
010101011100011
010101010100110
010001010100110
010101010111000
010100010111000
010101010100101
010101000100101
010101010100110
010101010000110
010101010101001
37.txt
010101010100000
010101010100011
010101011100011
010101011100110
010101010100110
010001010100110
010101010111000
010101010011000
010101010100101
010101000100101
010101010100011
010100010100011
010101010101100
38.txt
010101010100000
010101010100011
010101011100011
010101011100110
010101010100110
010001010100110
010101010111000
010100010111000
010101010100110
010101010000110
010101010110001
010100010110001
010101010101100
39.txt
010101010100000
010101010100011
010101011100011
010101011100110
010101010100110
010001010100110
010101010111000
010100010111000
010101010100101
010101000100101
010101010110010
40.txt
010101010100000
010101010100011
010101011100011
010101011100110
010101010100110
010001010100110
010101010111000
010100010111000
010101010100101
010101000100101
010101010100011
41.txt
010101010100000
010101010100011
010101011100011
010101010100110
010001010100110
010101010111000
010101010011000
010101010100101
010101000100101
010101010100110
42.txt
010101010100000
010101010100011
010101011100011
010101010100110
010001010100110
010101010111000
010101010011000
010101010100101
43.txt
010101010100000
010101010100011
010101011100011
010101011100110
010101010100110
010001010100110
010101010111000
010101010011000
010101010100101
44.txt
010101010100000
010101010100011
010101011100011
010101011100110
010101010100110
010001010100110
010101010111000
010101010011000
010101010100101
45.txt
010101010100000
010101010100001
010101011100001
010101011100010
010101010100010
010100010100010
010101010100100
010101010100110
010111010100110
010111010100010
010101010100010
010001010100010
010101010101000
000101010101000
010101010110000
010101010010000
010101010100001
46.txt
010101010100000
010101010100001
010101011100001
010101010100010
010100010100010
010101010100100
010101010100110
010111010100110
010111010100010
010101010100010
010001010100010
010101010101000
000101010101000
010101010110000
010101010010000
010101010100001
010101000100001
010101010100010
47.txt
010101010100000
010101010100001
010101011100001
010101010100010
010100010100010
010101010100110
010111010100110
010101010100010
010001010100010
010101010101000
000101010101000
010101010110000
010101010010000
010101010100001
48.txt
010101010100000
010101010100001
010101011100001
010101011100010
010101010100010
010100010100010
010101010100100
010101000100100
010101010100010
010001010100010
010101010101000
000101010101000
010101010110000
010101010010000
010101010100001
49.txt
010101010100000
010101010100001
010101011100001
010101010100010
010100010100010
010101010100100
010111010100100
010101010100010
010001010100010
010101010101000
000101010101000
010101010110000
010101010010000
010101010100001
50.txt
010101010100000
010101010100001
010101011100001
010101011100010
010101010100010
010100010100010
010101010100100
010111010100100
010111010100010
010101010100010
010001010100010
010101010101000
000101010101000